[[ 0 48  3 51 12 60 15 63]
 [ 3 51  6 54 15 63 18 66]
 [ 6 54  9 57 18 66 21 69]
 [12 60 15 63 24 72 27 75]
 [15 63 18 66 27 75 30 78]
 [18 66 21 69 30 78 33 81]
 [24 72 27 75 36 84 39 87]
 [27 75 30 78 39 87 42 90]
 [30 78 33 81 42 90 45 93]
 [ 1 49  4 52 13 61 16 64]
 [ 4 52  7 55 16 64 19 67]
 [ 7 55 10 58 19 67 22 70]
 [13 61 16 64 25 73 28 76]
 [16 64 19 67 28 76 31 79]
 [19 67 22 70 31 79 34 82]
 [25 73 28 76 37 85 40 88]
 [28 76 31 79 40 88 43 91]
 [31 79 34 82 43 91 46 94]
 [ 2 50  5 53 14 62 17 65]
 [ 5 53  8 56 17 65 20 68]
 [ 8 56 11 59 20 68 23 71]
 [14 62 17 65 26 74 29 77]
 [17 65 20 68 29 77 32 80]
 [20 68 23 71 32 80 35 83]
 [26 74 29 77 38 86 41 89]
 [29 77 32 80 41 89 44 92]
 [32 80 35 83 44 92 47 95]]

 [[[[ 0  0  0  0  0  0]
    [ 0  0  3  6  9  0]
    [ 0 12 15 18 21  0]
    [ 0 24 27 30 33  0]
    [ 0 36 39 42 45  0]
    [ 0  0  0  0  0  0]]

   [[ 0  0  0  0  0  0]
    [ 0  1  4  7 10  0]
    [ 0 13 16 19 22  0]
    [ 0 25 28 31 34  0]
    [ 0 37 40 43 46  0]
    [ 0  0  0  0  0  0]]

   [[ 0  0  0  0  0  0]
    [ 0  2  5  8 11  0]
    [ 0 14 17 20 23  0]
    [ 0 26 29 32 35  0]
    [ 0 38 41 44 47  0]
    [ 0  0  0  0  0  0]]]


  [[[ 0  0  0  0  0  0]
    [ 0 48 51 54 57  0]
    [ 0 60 63 66 69  0]
    [ 0 72 75 78 81  0]
    [ 0 84 87 90 93  0]
    [ 0  0  0  0  0  0]]

   [[ 0  0  0  0  0  0]
    [ 0 49 52 55 58  0]
    [ 0 61 64 67 70  0]
    [ 0 73 76 79 82  0]
    [ 0 85 88 91 94  0]
    [ 0  0  0  0  0  0]]

   [[ 0  0  0  0  0  0]
    [ 0 50 53 56 59  0]
    [ 0 62 65 68 71  0]
    [ 0 74 77 80 83  0]
    [ 0 86 89 92 95  0]
    [ 0  0  0  0  0  0]]]]

[[ 0  0  0  0  0  0  0 48]
 [ 0  0  0  0  3 51  6 54]
 [ 0  0  0  0  9 57  0  0]
 [ 0  0 12 60  0  0 24 72]
 [15 63 18 66 27 75 30 78]
 [21 69  0  0 33 81  0  0]
 [ 0  0 36 84  0  0  0  0]
 [39 87 42 90  0  0  0  0]
 [45 93  0  0  0  0  0  0]

 [ 0  0  0  0  0  0  1 49]
 [ 0  0  0  0  4 52  7 55]
 [ 0  0  0  0 10 58  0  0]
 [ 0  0 13 61  0  0 25 73]
 [16 64 19 67 28 76 31 79]
 [22 70  0  0 34 82  0  0]
 [ 0  0 37 85  0  0  0  0]
 [40 88 43 91  0  0  0  0]
 [46 94  0  0  0  0  0  0]

 [ 0  0  0  0  0  0  2 50]
 [ 0  0  0  0  5 53  8 56]
 [ 0  0  0  0 11 59  0  0]
 [ 0  0 14 62  0  0 26 74]
 [17 65 20 68 29 77 32 80]
 [23 71  0  0 35 83  0  0]
 [ 0  0 38 86  0  0  0  0]
 [41 89 44 92  0  0  0  0]
 [47 95  0  0  0  0  0  0]]


 [[ 0  0  0  0  0  0  0  0  0  0  0 48  3 51  6 54  0  0 12 60 15 63 18 66 0  0  24 72 27 75 30 78]
  [ 0  0  0  0  0  0  0  0  0 48  3 51  6 54  9 57 12 60 15 63 18 66 21 69 24 72 27 75 30 78 33 81]
  [ 0  0  0  0  0  0  0  0  3 51  6 54  9 57  0  0 15 63 18 66 21 69  0  0 27 75 30 78 33 81  0  0]
  [ 0  0  0 48  3 51  6 54  0  0 12 60 15 63 18 66  0  0 24 72 27 75 30 78  0  0 36 84 39 87 42 90]
  [ 0 48  3 51  6 54  9 57 12 60 15 63 18 66 21 69 24 72 27 75 30 78 33 81 36 84 39 87 42 90 45 93]
  [ 3 51  6 54  9 57  0  0 15 63 18 66 21 69  0  0 27 75 30 78 33 81  0  0 39 87 42 90 45 93  0  0]
  [ 0  0 12 60 15 63 18 66  0  0 24 72 27 75 30 78  0  0 36 84 39 87 42 90  0  0  0  0  0  0  0  0]
  [12 60 15 63 18 66 21 69 24 72 27 75 30 78 33 81 36 84 39 87 42 90 45 93  0  0  0  0  0  0  0  0]
  [15 63 18 66 21 69  0  0 27 75 30 78 33 81  0  0 39 87 42 90 45 93  0  0  0  0  0  0  0  0  0  0]
  [ 0  0  0  0  0  0  0  0  0  0  1 49  4 52  7 55  0  0 13 61 16 64 19 67  0  0 25 73 28 76 31 79]
  [ 0  0  0  0  0  0  0  0  1 49  4 52  7 55 10 58 13 61 16 64 19 67 22 70 25 73 28 76 31 79 34 82]
  [ 0  0  0  0  0  0  0  0  4 52  7 55 10 58  0  0 16 64 19 67 22 70  0  0 28 76 31 79 34 82  0  0]
  [ 0  0  1 49  4 52  7 55  0  0 13 61 16 64 19 67  0  0 25 73 28 76 31 79  0  0 37 85 40 88 43 91]
  [ 1 49  4 52  7 55 10 58 13 61 16 64 19 67 22 70 25 73 28 76 31 79 34 82 37 85 40 88 43 91 46 94]
  [ 4 52  7 55 10 58  0  0 16 64 19 67 22 70  0  0 28 76 31 79 34 82  0  0 40 88 43 91 46 94  0  0]
  [ 0  0 13 61 16 64 19 67  0  0 25 73 28 76 31 79  0  0 37 85 40 88 43 91  0  0  0  0  0  0  0  0]
  [13 61 16 64 19 67 22 70 25 73 28 76 31 79 34 82 37 85 40 88 43 91 46 94  0  0  0  0  0  0  0  0]
  [16 64 19 67 22 70  0  0 28 76 31 79 34 82  0  0 40 88 43 91 46 94  0  0  0  0  0  0  0  0  0  0]
  [ 0  0  0  0  0  0  0  0  0  0  2 50  5 53  8 56  0  0 14 62 17 65 20 68  0  0 26 74 29 77 32 80]
  [ 0  0  0  0  0  0  0  0  2 50  5 53  8 56 11 59 14 62 17 65 20 68 23 71 26 74 29 77 32 80 35 83]
  [ 0  0  0  0  0  0  0  0  5 53  8 56 11 59  0  0 17 65 20 68 23 71  0  0 29 77 32 80 35 83  0  0]
  [ 0  0  2 50  5 53  8 56  0  0 14 62 17 65 20 68  0  0 26 74 29 77 32 80  0  0 38 86 41 89 44 92]
  [ 2 50  5 53  8 56 11 59 14 62 17 65 20 68 23 71 26 74 29 77 32 80 35 83 38 86 41 89 44 92 47 95]
  [ 5 53  8 56 11 59  0  0 17 65 20 68 23 71  0  0 29 77 32 80 35 83  0  0 41 89 44 92 47 95  0  0]
  [ 0  0 14 62 17 65 20 68  0  0 26 74 29 77 32 80  0  0 38 86 41 89 44 92  0  0  0  0  0  0  0  0]
  [14 62 17 65 20 68 23 71 26 74 29 77 32 80 35 83 38 86 41 89 44 92 47 95  0  0  0  0  0  0  0  0]
  [17 65 20 68 23 71  0  0 29 77 32 80 35 83  0  0 41 89 44 92 47 95  0  0  0  0  0  0  0  0  0  0]]

[[[ 0  0  0  0]
  [ 0  0  3  6]
  [ 0  0  9  0]
  [ 0 12  0 24]
  [15 18 27 30]
  [21  0 33  0]
  [ 0 36  0  0]
  [39 42  0  0]
  [45  0  0  0]
  [ 0  0  0  1]
  [ 0  0  4  7]
  [ 0  0 10  0]
  [ 0 13  0 25]
  [16 19 28 31]
  [22  0 34  0]
  [ 0 37  0  0]
  [40 43  0  0]
  [46  0  0  0]
  [ 0  0  0  2]
  [ 0  0  5  8]
  [ 0  0 11  0]
  [ 0 14  0 26]
  [17 20 29 32]
  [23  0 35  0]
  [ 0 38  0  0]
  [41 44  0  0]
  [47  0  0  0]]

 [[ 0  0  0 48]
  [ 0  0 51 54]
  [ 0  0 57  0]
  [ 0 60  0 72]
  [63 66 75 78]
  [69  0 81  0]
  [ 0 84  0  0]
  [87 90  0  0]
  [93  0  0  0]
  [ 0  0  0 49]
  [ 0  0 52 55]
  [ 0  0 58  0]
  [ 0 61  0 73]
  [64 67 76 79]
  [70  0 82  0]
  [ 0 85  0  0]
  [88 91  0  0]
  [94  0  0  0]
  [ 0  0  0 50]
  [ 0  0 53 56]
  [ 0  0 59  0]
  [ 0 62  0 74]
  [65 68 77 80]
  [71  0 83  0]
  [ 0 86  0  0]
  [89 92  0  0]
  [95  0  0  0]]]
